01101110 01110110 01101011 01110011 10000000 00100111 01101110 01110110 01101011 00101101 00111100 01000000 00111100 
01101000 01001001 01101100 01101100 00100111 01101000 01110101 01101011 00100111 01011001 01110110 01101111 01101000 01110101 00101101 00111010 00111011 00111011 
01011011 01110000 01110101 01101111 01110111 01101111 01110110 01110101 01101110 00101101 00111011 01000000 00111101 00111001 
01111010 01111001 01111010 10000001 01101011 01111111 01110011 00101101 00110111 
01101110 01110110 01101011 00101101 00110111 
01110111 01111010 01101000 01101011 01110110 01110001 01101101 01101000 01111010 01110111 01101011 01101101 01110001 00101101 00110111 
01001000 10000000 01111100 01111010 01101111 00101101 00111101 00111001 00111111 
01111011 01110110 01111011 01101000 01110011 01110011 10000000 00110100 01110101 01110110 01111011 00110100 01010100 01111001 00110101 00100111 01001001 01111001 01110110 01111110 01110101 00101101 01000000 01000000 01000000 01000000 01000000 01000000 01000000 01000000 01000000 01000000 01000000 01000000 01000000 01000000 01000000 
01010001 01110000 01111010 01101111 00101101 00110111 
01111011 01111001 00101101 00110111 
01100010 01001000 01001011 01010100 01010000 01010101 01100100 00100111 01001000 01110111 01110110 01110011 01110011 01110110 00100111 01001111 01101100 01110110 00101101 00111000 00110111 00110111 00110111 00110111 00110111 00110111 00110111 00110111 00110111 00110111 00110111 00110111 00110111 00110111 00110111 
01101000 01101001 01101100 01101100 00101101 00110111 
01100010 01001000 01001011 01010100 01010000 01010101 01100100 00100111 01011011 01111100 01101100 01111011 01111001 01111100 01110101 01101110 00100111 01010101 01101110 01111100 10000000 01101100 01110101 00101101 00111000 00110111 00110111 00110111 00110111 00110111 00110111 00110111 00110111 00110111 00110111 00110111 00110111 00110111 00110111 00110111 
01110001 01110000 01111010 01101111 00101101 00111101 00111000 00111010 
01010001 01110000 01111010 01101111 00100111 01111010 01111100 01101010 01110010 01111010 00101101 00111100 00111010 00111101 01000000 00111011 
01111110 01101111 10000000 00100111 01101000 01110100 00100111 01110000 00100111 01111010 01111011 01110000 01110011 01110011 00100111 01101111 01101100 01111001 01101100 00101101 00111011 00110111 00110111 
01110000 01110001 01110000 00101101 00111011 00111000 00111011 
01001000 01110111 01110110 01110011 01110011 01110110 00101101 00111000 00111000 00111110 00110111 00111110 
01001011 01001100 01011101 00101101 00111011 00111010 00111010 
01001110 01111001 01101000 01101010 01101100 00101101 00111111 00111001 00111101 
01100010 01001111 01001000 01001010 01010010 01001100 01011001 01100100 00100111 01000111 00101010 00101011 01100101 00101010 01000111 01000111 00101100 00101100 01000111 00101010 00101011 00101100 00101011 00101010 00101101 01000000 01000000 01000000 01000000 01000000 01000000 01000000 01000000 01000000 01000000 01000000 01000000 01000000 01000000 01000000 01000000 
